1700
1000000
30700
1000000
56622
1000000
56622
394136
571
571
553
571
320000
100000
340
320000
652
920
975
1008
1118
1279
1348
1453
1560
1625
1680
1763
1816
1867
1934
2016
2106
2174
2235
2358
2509
2798
3185
3913
4281
4596
4887
5327
6040
7689
11631
14475
16838
20005
24095
29184
53090
1029637
1770000
2935000
3995000
5328
100000
320000
320000
29184
7689
29184
100000
25455
60582
61467
62090
79020
94375
118800
164281
177488
231405
349636
531590
2183409
12365000
4065000
62090
79020
94375
118800
164281
177488
231405
349636
531590
2183409
12365000
4065000
0
0
2900000000
0
0
0
0
24000000
16000000
40000000
16000000
700000000
28500
20000
8500
700
8500
8500
20000
1000000
53090
1000000
14420
14420
53090
2000000
1168440
360000000
190000000
20000000
110000000
600000
110000000
70000
60000000
60000000
60000000
360
53090
103318
98000
98000
8647800
49807000
155272500
51577500
21557500
30000000
55000000
75000000
8647800
49807000
2600000
55000000
75000000
100
132600
100000
10000
1112082300
49641000
50000
4000000
50000
4000000
2429735000
120000000
100000000
3000000000
120000000
3000000
120000000
100000000
54880
10000
1000000
3000000
10000000
10000
10000000
7689
10000
5328000
10000000
23954066
23954066
8235000
350000000
2036220
14475
16838
20005
24095
29184
53090
206758
1029637
64
298
348
250
214
223
435
448
3500
64
64
298
348
250
214
223
435
448
64
64
298
363
363
348
711
250
711
962
214
962
1177
223
1177
1400
435
1400
1835
448
1835
2284
95000000
230000000
3940
114400000
872
264000000
25000000
500
500
300000
116700
10002000
10002000
10002000
10002000
1000000
206758
1029637
275000
275000
25000
25430300
1000000
1000000
14420
10000
105000000
410000000
270000000
312003200
32000000
62000000
20193
13633451000
43566
321
269
272
200873
7000
161
178800
12189
163745
2753
1760
263
10000
150000
4156
4156
4156
1867
4156
500000000
2200000000
1700000
1700000000
1700000000
2100000
272000000
272000000
18000
22500
37700
15200
22500
178616
22500
8000
6000
15200
22500
178616
37700
37700
15200
22500
1529500
872770
872770
1529500
872770
15600700
8575600
15600700
8575600
6860480
6860480
15600700
1500000
800
2956
800
2956
35450
34450
34450
34450
35910
1029637
4000
17801
1000000000
1333544430
990640000
1236000000
99350
25000
25000
25000
25000
25000
25000
25000
25000
25000
25000
25000
25000
571
4000000
1939000
276800
276800
34000
1939000
1080500
37350
200100000
33350000
33350000
42100
15520
31329
32500
7566000
3117877
476470
42100
42100
31329
32500
7566
1478096
3117877
31329
32500
7566
100000
92000000
73631200
10000000
20000000
10000000
20000000
10000000
1532640
4220316
26407700
4325400
47166900
20919600
104083700
5752956
4220316
5400
1867
500000
5000
262810000
262810000
578810000
262810000
132635000
395445000
500000000
2200000000
500000000
1700000000
1700000000
50000000
1535968000
9472559000
43197763105
30000
150000
4000000
5834
130000
130000
37900
500000
66977
66977
12000000
0
95200000
93300
21000
64000
205245
773055
1335751
2475
888025
4950
1330801
1335751
4950
1330801
1335751
890500
1335751
890500
445250
445200
890450
206758
1029637
350000000
200000000
271585
57893
12956
57893
12956
12956
2000000
571
250000000
250000000
500000
100000
150000
555
1200000
150000
555
1200000
1200000
53900
150000
100000000
2189200
100000000
10000
900000000
940179000
15000000
6000000
50000000
821040
2600000000
1360000000
3360000000
48760000
500000
100000
53090
53900
100000
4000
500000
583
500000
2383917
483983
100000
11000
900000
5328000
906800
6813000
100000
640
820000
100000
53090
100000
720000
100000
30000
720000
820000
720000
100000
820000
53090
50000000
19300000
50000000
50000000
1029637
50000000
50000000
50000000
50000000
450000
7892
34000
34000
38618
34000
110000
180000
180000
180000
148618
180000
34000
180000
34000
34000
34000
180000
180000
34000
34000
180000
180000
38618
34000
110000
110000
195750
783000
100000000
100000000
200000000
10000000
70000000
311900
729100
311900
53090
660000
660000
53090
660000
11928300
10000
40000
12800
50252800
456100
100000
669900
12800
456100
252000
300000
86458
105264
207707
437506
132500000
188540000
260000000
358450000
260000000
413470800
300000000
200000
52882
52882
6357813
5158251
13722442
10291832
12652435
1000000
150000
1000
2000000
580000
2000000
580000
119000
3400000
650000
1200000
1200000
5100000
21127
27127
2000000
339700
272500
90000000000
25000000000
6000000000
6000000000
25000000000
25000000000
25000000000
10000000000
30000000000
12000000000
52000000000
90000000000
25000000000
90000000000
4205670588
729749392
2747409800
700000000000
30000000000
10000000000
90000000000
6000000000
7000000000
90000000000
90000000000
320000000000
90000000000
52000000000
10000000000
30000000000
12000000000
12000000000
52000000000
90000000000
25000000000
125542288200
125542288200
90000000000
4205670588
800000000000
90000000000
30000000000
50000000000
3000000000
10000000000
10000000000
5000000000
10000000000
9000000000
674000000000
90000000000
10500000000
10500000000
5000000000
90000000000
52000000000
90000000000
90000000000
90000000000
90000000000
700000000000
90000000000
25000000000
603900
410000
10000000
650000000
650000000
650000000
15188800
3600000
650000000
650000000
146379000
124000000
70000000
380000000
200000
200000
200000
204575900
350000000
60000000
39000000
300000000
64096
4200
50000
5000
40000
1901500
1331100
8000000000
11000000000
25400
25400
62880
3000000
300000
30000
29200
325000
25119800
640
640
371300
1209120
958700
958700
138100
958700
200
50000
372000
53090
372000
7970
50000
106720
50000
102447
19965
7500000000
1000000
1600000
288000000
1600000
50000000
100726700
4303400
0
5327
1770000
2000000
1850000000
36387500
7277500
29110000
5237400
23872600
23872600
5237400
15500000
12200000
36387500
5237400
5237400
29110000
16500000
15500000
1000000
15500000
15500000
12200000
29110000
15500000
1000000
1000000
15500000
36387500
7277500
1000
36387500
7277500
247231000
60000000
23400000
2900000000
0
0
0
2666269700
0
0
140000000
45000000
54000000
80000000
80000000
80000000
45000000
80000000
40000000
80000000
40000000
180000
80000000
80000000
80000000
80000000
80000000
80000000
40000000
40000000
40000000
40000000
3000000
5186700
70544293
18316272000
11797200000
1800000
4374000
14060538942
14060538942
